version https://git-lfs.github.com/spec/v1
oid sha256:c59e751491e6efb2dc6bc4af90148e207f8eaf8bc90a2be8d31604719fcb711e
size 56362
